WilhelminaGardenPal.jpg
(229, 216, 207) 2488283
(17, 28, 29) 2380121
(45, 67, 70) 2161646
(82, 114, 110) 1993538
(129, 153, 151) 1297703
(31, 156, 233) 771763
(54, 57, 179) 597623
(143, 113, 224) 502091
tgirlbravo.jpg
(231, 242, 245) 28271
(135, 117, 129) 10434
(58, 61, 66) 9013
(122, 108, 192) 7357
(171, 186, 191) 6607
(64, 198, 230) 4474
(147, 111, 48) 3843
(62, 149, 161) 3351
bluewires.jpg
(35, 24, 18) 157094
(94, 70, 35) 115000
(231, 212, 79) 79895
(124, 118, 90) 69638
(180, 157, 29) 60823
(172, 170, 156) 55895
(237, 228, 199) 33342
(57, 47, 134) 18137
dunebeach.jpg
(90, 113, 132) 202617
(71, 90, 106) 181853
(64, 70, 60) 111737
(129, 105, 82) 110940
(170, 160, 153) 104679
(35, 41, 28) 83625
(126, 145, 162) 82713
(149, 132, 113) 81836
rothko10.jpg
(74, 133, 164) 268921
(84, 143, 173) 263615
(146, 174, 181) 249258
(134, 160, 167) 222713
(118, 92, 86) 176820
(125, 132, 138) 62490
(100, 106, 116) 49090
(88, 81, 84) 33333
woodcuthill.png
(184, 202, 212) 93556
(154, 163, 154) 44537
(113, 131, 141) 35274
(63, 59, 56) 31169
(79, 92, 109) 27889
(30, 29, 32) 25048
(149, 131, 98) 23894
(130, 175, 206) 16783
rothko10dub.jpg
(78, 140, 170) 232832
(73, 131, 162) 180415
(138, 167, 175) 163052
(117, 90, 84) 146373
(144, 175, 184) 132612
(88, 145, 176) 109756
(133, 158, 165) 107064
(121, 103, 99) 42087
(127, 145, 154) 38120
(131, 130, 132) 34090
(94, 101, 112) 31884
(163, 183, 185) 31819
(87, 79, 83) 28734
(103, 121, 135) 25090
(159, 168, 168) 12033
(106, 147, 171) 10279
rothko10-12.jpg
(83, 143, 173) 283606
(73, 133, 164) 243364
(138, 166, 174) 181612
(118, 91, 85) 167981
(144, 176, 184) 128158
(133, 156, 164) 117363
(105, 103, 107) 42092
(131, 130, 132) 38726
(163, 180, 182) 38587
(88, 80, 83) 31092
(118, 139, 151) 28297
(95, 114, 131) 25362
rothkopink.jpg
(6, 0, 140) 51710
(8, 1, 154) 26053
(110, 72, 209) 16202
(128, 89, 220) 13554
(94, 53, 203) 8341
(31, 17, 154) 7057
(157, 120, 213) 5798
(40, 10, 177) 5705
(68, 32, 189) 4414
(230, 217, 254) 426
redbabycow.jpg
(11, 15, 48) 4035784
(9, 8, 109) 2067964
(24, 21, 176) 1447665
(35, 48, 90) 1188135
(216, 208, 244) 965437
(150, 145, 235) 933579
(76, 88, 156) 825378
(75, 79, 236) 728826
anything4u.jpg
(115, 178, 144) 147571
(98, 150, 81) 56734
(132, 168, 182) 24607
(42, 96, 100) 21077
(4, 15, 14) 19736
(10, 118, 131) 16993
(21, 57, 61) 16588
(79, 233, 227) 3894
birthdaylock.png
(255, 255, 255) 1732532
(117, 148, 97) 330701
(33, 34, 38) 165690
(206, 171, 152) 163873
(130, 88, 65) 152608
(136, 212, 247) 151041
(141, 106, 177) 133312
(205, 196, 215) 132683
coitsteps.jpg
(228, 223, 219) 600985
(11, 39, 38) 563987
(26, 64, 65) 532931
(42, 93, 98) 374764
(46, 129, 144) 198615
(82, 171, 187) 139750
(99, 126, 137) 118549
(152, 187, 201) 106771
determination.jpg
(0, 0, 0) 954438
(0, 0, 253) 64392
(251, 251, 251) 17762
(21, 18, 204) 2740
(56, 56, 56) 2692
(3, 3, 93) 2503
(196, 196, 196) 2399
(131, 131, 131) 1650
goosebeach.jpg
(133, 151, 163) 546535
(107, 125, 141) 493224
(84, 98, 110) 414278
(126, 112, 102) 258700
(21, 17, 15) 236864
(160, 190, 204) 183964
(57, 66, 75) 159862
(218, 236, 241) 81833
grouchweek.jpg
(204, 166, 171) 181426
(241, 178, 174) 178525
(181, 152, 151) 163011
(228, 188, 194) 105605
(246, 230, 235) 52181
(140, 109, 117) 43512
(30, 12, 21) 39284
(85, 60, 69) 33128
liminalgrotto.jpg
(63, 55, 45) 32832
(29, 24, 14) 31576
(89, 81, 84) 24787
(135, 167, 13) 18486
(115, 108, 131) 12812
(160, 178, 105) 6153
(196, 180, 199) 5248
(100, 101, 219) 5186
liminalpool.jpg
(21, 31, 53) 155000
(72, 80, 77) 132095
(15, 20, 37) 123191
(96, 104, 103) 104572
(53, 56, 45) 87385
(105, 79, 36) 49258
(132, 137, 149) 28227
(151, 115, 64) 11472
lovecomputers.jpg
(52, 83, 94) 72106
(29, 23, 32) 57221
(41, 51, 69) 53568
(88, 92, 113) 50853
(121, 139, 165) 37313
(160, 174, 187) 32162
(128, 82, 80) 21796
(228, 230, 237) 2301
monkeystamp.jpg
(48, 83, 246) 273672
(67, 101, 251) 257310
(12, 14, 33) 141224
(36, 40, 62) 93259
(30, 48, 139) 40343
(76, 113, 178) 39765
(73, 78, 100) 26374
(165, 181, 225) 10741
oatbeverage.jpg
(128, 156, 171) 603496
(109, 121, 133) 505456
(47, 55, 73) 374943
(19, 16, 26) 350440
(73, 88, 113) 297235
(253, 254, 253) 257411
(214, 209, 200) 144130
(182, 164, 147) 103241
sexclubclosed.jpg
(81, 100, 122) 168720
(23, 23, 25) 164010
(42, 54, 71) 156568
(80, 71, 60) 139481
(120, 132, 193) 99597
(132, 78, 46) 90590
(127, 118, 100) 78400
(214, 224, 208) 20634
thebutton.jpg
(136, 89, 96) 102936
(179, 87, 59) 48112
(231, 157, 86) 39469
(55, 26, 30) 38064
(173, 133, 140) 32892
(59, 73, 127) 16320
(77, 196, 230) 12333
(240, 213, 203) 10674
uclasunsetblue.jpg
(177, 146, 125) 2191768
(183, 177, 170) 1886854
(18, 16, 13) 1802592
(36, 39, 35) 1725461
(60, 66, 60) 1208648
(123, 115, 114) 1112785
(93, 89, 89) 1108047
(145, 193, 225) 823973
tongvacloud.jpg
(230, 219, 211) 410222
(47, 60, 60) 407812
(75, 93, 95) 377316
(104, 130, 135) 340535
(130, 173, 178) 328537
(17, 22, 23) 314240
(222, 152, 106) 258194
(228, 194, 167) 199496
ussrforces.jpg
(62, 94, 130) 45451
(39, 74, 111) 36782
(200, 186, 161) 27095
(227, 215, 198) 25481
(23, 28, 33) 23400
(56, 59, 65) 19084
(153, 144, 143) 10399
(39, 163, 182) 3808
webkinz.jpg
(254, 254, 254) 118690
(181, 168, 146) 10454
(128, 132, 157) 9869
(214, 209, 209) 6786
(149, 202, 211) 5145
(137, 120, 63) 3020
(34, 175, 230) 2128
(35, 32, 36) 1314
wrongthing.jpg
(252, 253, 253) 250991
(99, 205, 218) 115413
(236, 243, 153) 75763
(190, 163, 240) 74239
(20, 19, 45) 58208
(168, 125, 55) 45212
(98, 99, 153) 30095
(80, 72, 47) 29399
yugiohtampa.jpg
(40, 19, 15) 242225
(60, 57, 29) 43388
(156, 130, 166) 36492
(48, 37, 82) 33139
(94, 83, 66) 32154
(90, 83, 137) 27731
(200, 193, 205) 26819
(133, 118, 100) 26052
uclacottoncandy.jpg
(183, 116, 124) 280956
(203, 151, 177) 256890
(194, 133, 147) 212594
(193, 170, 217) 119347
(158, 174, 239) 79120
(112, 171, 246) 36396
(22, 17, 26) 32768
(81, 80, 105) 8421
lombardsunrise.jpg
(235, 180, 112) 1780232
(221, 154, 87) 1754343
(238, 203, 146) 1064677
(227, 222, 183) 709005
(186, 211, 214) 583496
(168, 154, 135) 320253
(126, 167, 214) 141274
(112, 121, 138) 133200
uclacottoncandy12.jpg
(183, 115, 123) 259422
(192, 130, 144) 201131
(201, 146, 168) 173488
(205, 156, 187) 122256
(196, 169, 215) 82820
(173, 174, 233) 70221
(140, 172, 242) 52187
(20, 14, 23) 29465
(99, 172, 249) 19601
(54, 52, 71) 7355
(105, 105, 134) 6126
(210, 201, 243) 2420
